name: dashboard
channels:
  - anaconda
  - conda-forge
  - defaults
dependencies:
  - ansi2html=1.8.0=py311h1ea47a8_1
  - blas=1.0=mkl
  - bottleneck=1.3.5=py311h5bb9823_0
  - brotli=1.0.9=hcfcfb64_9
  - brotli-bin=1.0.9=hcfcfb64_9
  - bzip2=1.0.8=h8ffe710_4
  - ca-certificates=2023.01.10=haa95532_0
  - certifi=2020.6.20=pyhd3eb1b0_3
  - charset-normalizer=3.1.0=pyhd8ed1ab_0
  - click=8.1.3=win_pyhd8ed1ab_2
  - colorama=0.4.6=pyhd8ed1ab_0
  - dash=2.11.0=pyhd8ed1ab_0
  - flask=2.2.3=pyhd8ed1ab_0
  - greenlet=2.0.1=py311hd77b12b_0
  - idna=3.4=pyhd8ed1ab_0
  - importlib-metadata=6.7.0=pyha770c72_0
  - intel-openmp=2021.4.0=haa95532_3556
  - itsdangerous=2.1.2=pyhd8ed1ab_0
  - jinja2=3.1.2=pyhd8ed1ab_1
  - libbrotlicommon=1.0.9=hcfcfb64_9
  - libbrotlidec=1.0.9=hcfcfb64_9
  - libbrotlienc=1.0.9=hcfcfb64_9
  - libexpat=2.5.0=h63175ca_1
  - libffi=3.4.2=h8ffe710_5
  - libsqlite=3.42.0=hcfcfb64_0
  - libzlib=1.2.13=hcfcfb64_5
  - markupsafe=2.1.3=py311ha68e1ae_0
  - mkl=2021.4.0=haa95532_640
  - mkl-service=2.4.0=py311h2bbff1b_0
  - mkl_fft=1.3.1=py311h743a336_0
  - mkl_random=1.2.2=py311heda8569_0
  - nest-asyncio=1.5.6=pyhd8ed1ab_0
  - numexpr=2.8.4=py311hffd1eac_0
  - numpy=1.24.3=py311ha6a8073_0
  - numpy-base=1.24.3=py311h877bb12_0
  - openssl=3.1.1=hcfcfb64_1
  - packaging=23.1=pyhd8ed1ab_0
  - pandas=1.5.3=py311heda8569_0
  - pip=23.1.2=pyhd8ed1ab_0
  - plotly=5.15.0=pyhd8ed1ab_0
  - pysocks=1.7.1=pyh0701188_6
  - python=3.11.4=h2628c8c_0_cpython
  - python-dateutil=2.8.2=pyhd3eb1b0_0
  - python_abi=3.11=3_cp311
  - pytz=2021.3=pyhd3eb1b0_0
  - requests=2.31.0=pyhd8ed1ab_0
  - retrying=1.3.3=py_2
  - setuptools=68.0.0=pyhd8ed1ab_0
  - six=1.16.0=pyh6c4a22f_0
  - sqlalchemy=1.4.39=py311h2bbff1b_0
  - tenacity=8.2.2=pyhd8ed1ab_0
  - tk=8.6.12=h8ffe710_0
  - typing-extensions=4.6.3=hd8ed1ab_0
  - typing_extensions=4.6.3=pyha770c72_0
  - tzdata=2023c=h71feb2d_0
  - ucrt=10.0.22621.0=h57928b3_0
  - urllib3=2.0.3=pyhd8ed1ab_0
  - vc=14.3=h64f974e_16
  - vc14_runtime=14.36.32532=hfdfe4a8_16
  - vs2015_runtime=14.36.32532=h05e6639_16
  - werkzeug=2.2.3=pyhd8ed1ab_0
  - wheel=0.40.0=pyhd8ed1ab_0
  - win_inet_pton=1.1.0=pyhd8ed1ab_6
  - xz=5.2.6=h8d14728_0
  - zipp=3.15.0=pyhd8ed1ab_0
  - pip:
    - psycopg2==2.9.6
prefix: C:\Users\sinan\anaconda3\envs\dashboard
